1	327
10	3548
100	110343
101	347
102	482
105	2
106	656
107	145261
108	1228
109	11
11	622
111	13
112	1660
113	105869
114	104239
115	5
116	6361
117	2411
118	12
119	1636
12	1441
120	92
121	1078
122	597
123	1795
124	830
125	33933
126	1020
127	1669
128	188
129	3730
13	40031
130	3335
131	715
132	403668
133	938
134	1242
135	644
136	1251
137	84454
138	245319
139	1051
14	2848
140	167206
141	189999
142	253015
143	81396
144	70335
145	4701
146	3490
147	868
148	73762
149	1181
15	246
150	725
151	57797
152	4476
153	369
154	115
155	1931
156	7
157	1369
158	57937
159	2380
16	400
160	612
161	361461
162	277355
163	217202
164	154327
165	2177
166	34126
167	1940
168	2868
169	1508
17	3608
170	210157
171	382
172	18
173	360
174	1531
175	218
176	13
177	3348
178	529
179	1778
18	1632
180	502
181	3808
182	2203
183	430
184	65
185	1072
186	284050
187	9
188	5481
189	1274
19	424
190	279
191	1439
192	333
193	1542
194	324
195	1797
196	1138
197	2576
198	1030
199	6
2	23
20	769
200	787
201	576
202	946
203	909
204	1
205	2289
206	8
207	316
208	899
209	10478
21	1296
210	2237
211	53042
212	893
213	2718
214	32
215	2255
216	4801
217	791
218	1934
219	1800
22	1476
220	1239
221	15
222	2751
223	2288
224	7482
225	4565
226	6722
227	1105
228	1797
229	130741
23	20
230	245043
231	92104
232	9028
233	76461
234	208049
235	2315
236	363939
237	408760
238	148636
239	211342
24	18324
240	274
241	1526
242	1408
243	2655
244	7705
245	1
246	129695
247	2052
248	1009
249	157634
25	4118
250	1136
251	9
252	330
253	18
254	2355
255	2607
256	2308
257	554
258	958
259	1367
26	1771
260	2090
261	29277
262	103990
263	149892
264	11001
265	1915
27	14
28	1202
29	1477
3	797
30	8
31	136
32	1187
33	4062
34	341
35	5060
36	1492
37	3418
38	768
39	5615
4	12710
40	854
41	21196
42	14032
43	107056
44	3
45	11333
46	113
47	1488
48	177631
49	3299
5	2
50	35614
51	2980
52	1190
53	358
54	213
55	3577
56	1314
57	40
58	129
59	54
6	86
60	1053
61	7954
62	2523
63	1701
64	218
65	4526
66	2595
67	585
68	199384
69	3192
7	4131
70	19761
71	3547
72	3839
73	157
74	19216
75	51559
76	9307
77	2369
78	2048
79	169981
8	50
80	2434
81	1238
82	1792
83	786
84	5
85	1870
86	2444
87	33865
88	19867
89	5277
9	210
90	117779
91	4256
92	1305
93	1060
94	823
95	2568
96	109
97	5490
98	324
99	4
